#  q= 0.4000  POT1= 2.4711  T2/T1= 1.0000  inc= 82.000
-0.00000	12.9296
0.00300	12.9410
0.00600	12.9398
0.00900	12.9364
0.01200	12.9341
0.01500	12.9303
0.01800	12.9245
0.02100	12.9165
0.02400	12.9033
0.02700	12.8831
0.03000	12.8579
0.03300	12.8312
0.03600	12.8029
0.03900	12.7741
0.04200	12.7434
0.04500	12.7149
0.04800	12.6853
0.05100	12.6592
0.05400	12.6333
0.05700	12.6087
0.06000	12.5854
0.06300	12.5617
0.06600	12.5404
0.06900	12.5180
0.07200	12.4976
0.07500	12.4784
0.07800	12.4592
0.08100	12.4411
0.08400	12.4233
0.08700	12.4065
0.09000	12.3903
0.09300	12.3746
0.09600	12.3593
0.09900	12.3446
0.10200	12.3305
0.10500	12.3169
0.10800	12.3039
0.11100	12.2911
0.11400	12.2786
0.11700	12.2667
0.12000	12.2552
0.12300	12.2440
0.12600	12.2332
0.12900	12.2226
0.13200	12.2124
0.13500	12.2023
0.13800	12.1926
0.14100	12.1831
0.14400	12.1739
0.14700	12.1649
0.15000	12.1562
0.15300	12.1477
0.15600	12.1394
0.15900	12.1313
0.16200	12.1235
0.16500	12.1159
0.16800	12.1085
0.17100	12.1014
0.17400	12.0945
0.17700	12.0878
0.18000	12.0814
0.18300	12.0752
0.18600	12.0693
0.18900	12.0636
0.19200	12.0581
0.19500	12.0529
0.19800	12.0479
0.20100	12.0432
0.20400	12.0387
0.20700	12.0345
0.21000	12.0305
0.21300	12.0267
0.21600	12.0232
0.21900	12.0199
0.22200	12.0169
0.22500	12.0141
0.22800	12.0115
0.23100	12.0092
0.23400	12.0071
0.23700	12.0053
0.24000	12.0037
0.24300	12.0024
0.24600	12.0012
0.24900	12.0003
0.25200	11.9996
0.25500	11.9991
0.25800	11.9989
0.26100	11.9988
0.26400	11.9990
0.26700	11.9994
0.27000	12.0000
0.27300	12.0009
0.27600	12.0019
0.27900	12.0032
0.28200	12.0046
0.28500	12.0062
0.28800	12.0081
0.29100	12.0101
0.29400	12.0123
0.29700	12.0147
0.30000	12.0173
0.30300	12.0200
0.30600	12.0230
0.30900	12.0260
0.31200	12.0293
0.31500	12.0326
0.31800	12.0362
0.32100	12.0399
0.32400	12.0437
0.32700	12.0476
0.33000	12.0517
0.33300	12.0558
0.33600	12.0601
0.33900	12.0645
0.34200	12.0689
0.34500	12.0735
0.34800	12.0781
0.35100	12.0828
0.35400	12.0875
0.35700	12.0923
0.36000	12.0971
0.36300	12.1018
0.36600	12.1066
0.36900	12.1115
0.37200	12.1163
0.37500	12.1211
0.37800	12.1258
0.38100	12.1306
0.38400	12.1352
0.38700	12.1396
0.39000	12.1443
0.39300	12.1485
0.39600	12.1527
0.39900	12.1571
0.40200	12.1610
0.40500	12.1662
0.40800	12.1700
0.41100	12.1737
0.41400	12.1770
0.41700	12.1803
0.42000	12.1836
0.42300	12.1869
0.42600	12.1904
0.42900	12.1937
0.43200	12.1969
0.43500	12.2001
0.43800	12.2032
0.44100	12.2062
0.44400	12.2092
0.44700	12.2120
0.45000	12.2148
0.45300	12.2174
0.45600	12.2199
0.45900	12.2223
0.46200	12.2244
0.46500	12.2264
0.46800	12.2282
0.47100	12.2297
0.47400	12.2310
0.47700	12.2319
0.48000	12.2325
0.48300	12.2331
0.48600	12.2335
0.48900	12.2338
0.49200	12.2340
0.49500	12.2342
0.49800	12.2343
0.50100	12.2343
0.50400	12.2343
0.50700	12.2341
0.51000	12.2339
0.51300	12.2336
0.51600	12.2332
0.51900	12.2327
0.52200	12.2321
0.52500	12.2313
0.52800	12.2301
0.53100	12.2287
0.53400	12.2271
0.53700	12.2252
0.54000	12.2231
0.54300	12.2208
0.54600	12.2184
0.54900	12.2158
0.55200	12.2131
0.55500	12.2103
0.55800	12.2074
0.56100	12.2044
0.56400	12.2013
0.56700	12.1981
0.57000	12.1949
0.57300	12.1917
0.57600	12.1884
0.57900	12.1851
0.58200	12.1817
0.58500	12.1783
0.58800	12.1751
0.59100	12.1714
0.59400	12.1680
0.59700	12.1625
0.60000	12.1585
0.60300	12.1543
0.60600	12.1499
0.60900	12.1458
0.61200	12.1412
0.61500	12.1367
0.61800	12.1322
0.62100	12.1274
0.62400	12.1227
0.62700	12.1179
0.63000	12.1131
0.63300	12.1083
0.63600	12.1034
0.63900	12.0987
0.64200	12.0939
0.64500	12.0891
0.64800	12.0844
0.65100	12.0797
0.65400	12.0750
0.65700	12.0704
0.66000	12.0660
0.66300	12.0616
0.66600	12.0573
0.66900	12.0531
0.67200	12.0489
0.67500	12.0450
0.67800	12.0411
0.68100	12.0374
0.68400	12.0338
0.68700	12.0304
0.69000	12.0271
0.69300	12.0240
0.69600	12.0210
0.69900	12.0182
0.70200	12.0156
0.70500	12.0131
0.70800	12.0108
0.71100	12.0087
0.71400	12.0068
0.71700	12.0051
0.72000	12.0036
0.72300	12.0023
0.72600	12.0012
0.72900	12.0003
0.73200	11.9996
0.73500	11.9991
0.73800	11.9989
0.74100	11.9988
0.74400	11.9990
0.74700	11.9994
0.75000	12.0000
0.75300	12.0009
0.75600	12.0019
0.75900	12.0032
0.76200	12.0047
0.76500	12.0065
0.76800	12.0085
0.77100	12.0107
0.77400	12.0132
0.77700	12.0159
0.78000	12.0189
0.78300	12.0221
0.78600	12.0255
0.78900	12.0292
0.79200	12.0331
0.79500	12.0373
0.79800	12.0417
0.80100	12.0463
0.80400	12.0512
0.80700	12.0564
0.81000	12.0617
0.81300	12.0673
0.81600	12.0732
0.81900	12.0793
0.82200	12.0857
0.82500	12.0922
0.82800	12.0991
0.83100	12.1061
0.83400	12.1134
0.83700	12.1210
0.84000	12.1287
0.84300	12.1367
0.84600	12.1449
0.84900	12.1533
0.85200	12.1620
0.85500	12.1709
0.85800	12.1800
0.86100	12.1894
0.86400	12.1990
0.86700	12.2089
0.87000	12.2192
0.87300	12.2296
0.87600	12.2404
0.87900	12.2514
0.88200	12.2628
0.88500	12.2745
0.88800	12.2868
0.89100	12.2997
0.89400	12.3125
0.89700	12.3258
0.90000	12.3398
0.90300	12.3544
0.90600	12.3696
0.90900	12.3849
0.91200	12.4011
0.91500	12.4177
0.91800	12.4353
0.92100	12.4533
0.92400	12.4719
0.92700	12.4911
0.93000	12.5113
0.93300	12.5323
0.93600	12.5543
0.93900	12.5761
0.94200	12.6001
0.94500	12.6244
0.94800	12.6494
0.95100	12.6752
0.95400	12.7024
0.95700	12.7318
0.96000	12.7635
0.96300	12.7929
0.96600	12.8220
0.96900	12.8460
0.97200	12.8717
0.97500	12.8939
0.97800	12.9111
0.98100	12.9196
0.98400	12.9228
0.98700	12.9277
0.99000	12.9271
0.99300	12.9299
0.99600	12.9285
0.99900	12.9295
